#INFO: **** input file is /project/lgagliardi/shreyav/moldmet/feh2o6/basis/casdmet/ls/retests/imp1/guess5/inp.py ****
import sys
from pyscf import gto, scf, symm
from pyscf import mcscf
import numpy as np
import localintegrals, dmet, qcdmet_paths
from pyscf.tools import molden, cubegen
from functools import reduce
#############
#   Input   #
#############              
localization = 'meta_lowdin'                # 'iao' or 'meta_lowdin' or 'boys'

#np.set_printoptions(threshold=sys.maxsize)

one_bath_orb_per_bond = False        # Sun & Chan, JCTC 10, 3784 (2014) [ http://dx.doi.org/10.1021/ct500512f ]
casci_energy_formula = True         # CASCI or DMET energy formula
DMguess = None
mol = gto.Mole()
mol.atom = "/project/lgagliardi/shreyav/moldmet/feh2o6/feh2o62plus-ls.xyz"
mol.basis = {'O':'cc-pvdz', 'Fe':'cc-pvtz', 'H':'cc-pvdz'}
mol.charge = 2
mol.build(verbose=4)
mf = mol.RHF().run()
mf.verbose = 4
mf.max_cycle = 1000
DMguess = mf.make_rdm1()

#for i in range (212):
#    name = 'MO_hf_' + str(i) + '.cube'
#    cubegen.orbital(mol, name, mf.mo_coeff[:,i])

if ( True ):
    myInts = localintegrals.localintegrals( mf, range( mol.nao_nr() ), localization )
    unit_sizes = None
    frag = 68
    unit_sizes = np.array([frag,mol.nao_nr()-frag]) # HNN, 4(CH2), CH3 # SV cGTOs in respective fragments
    assert( np.sum( unit_sizes ) == mol.nao_nr() )

    impurityClusters = []
    if ( casci_energy_formula ): # Do only 1 impurity at the edge
        num_orb_in_imp = np.sum( unit_sizes[ 0 : 1 ] ) # getting total cGTOs in 1st fragment
        impurity_orbitals = np.zeros( [ mol.nao_nr() ], dtype=int ) # creating an array of size total cGTOs
        impurity_orbitals[ 0 : num_orb_in_imp ] = 1
        impurityClusters.append( impurity_orbitals ) # impurityClusters is now [1,1,...,0,...,0] with 1s for first 20 indices
    else: #doesn't go in this block
        jump = 0
        for fragment in range(unit_sizes.size):
            impurity_orbitals = np.zeros( [ mol.nao_nr() ], dtype=int )
            num_orb_in_imp = unit_sizes[fragment]
            if (fragment > 0):
                impurity_orbitals[ jump : jump + num_orb_in_imp ] = -1
            else:
                impurity_orbitals[ jump : jump + num_orb_in_imp ] = 1
            impurityClusters.append( impurity_orbitals )
            jump += num_orb_in_imp

    isTranslationInvariant = False
    method = 'SA-CASPDFT'
    SCmethod = 'NONE'
    theDMET = dmet.dmet( myInts, impurityClusters, isTranslationInvariant, method, SCmethod, doDET=True )
    theDMET.doSCF = True
    theDMET.impCAS = (6,10)
    theDMET.state_average_ = [1/5]*5
    theDMET.nroots = 10
    theDMET.fix_spin_val = 0
    theDMET.nevpt2_roots = np.arange(0,10,1)
    theDMET.nevpt2_nroots = 10
#    theDMET.CASlist = [36,37,38,39,40,41,42,43,53,55]
    theDMET.CC_E_TYPE  = 'CASCI'
    the_energy = theDMET.doselfconsistent()
    print ("----Energy:", the_energy)
    print ("Occupation number:",theDMET.OccNum)
        #print and plot orbitals

    X1 = theDMET.ao2loc
    X2 = theDMET.loc2dmet
    nemb = theDMET.numBathOrbs + frag
    for mo in range(0,nemb):
        mo_coeff = reduce(np.dot,(X1,X2[:,:nemb], theDMET.MO))[:,mo].reshape(mol.nao_nr())
        name = 'MO_' + str(mo) + '.cube'
        cubegen.orbital(mol, name, mo_coeff, nx=60, ny=60, nz=60)
    for mo in range(0,nemb):
        mo_coeff = reduce(np.dot,(X1,X2[:,:nemb], theDMET.MOnat))[:,mo].reshape(mol.nao_nr())
        name = 'MO_nat_' + str(mo) + '.cube'
        cubegen.orbital(mol, name, mo_coeff, nx=60, ny=60, nz=60)

#INFO: ******************** input file end ********************


System: uname_result(system='Linux', node='midway3-0557.rcc.local', release='4.18.0-305.3.1.el8.x86_64', version='#1 SMP Tue Jun 1 16:14:33 UTC 2021', machine='x86_64', processor='x86_64')  Threads 8
Python 3.8.5 (default, Sep  4 2020, 07:30:14) 
[GCC 7.3.0]
numpy 1.23.5  scipy 1.10.1
Date: Mon Oct 23 15:37:22 2023
PySCF version 2.2.1
PySCF path  /project/lgagliardi/shreyav/apps/pyscf-qcdmet/pyscf
GIT HEAD (branch master) 8eea7e8cab884bddb7a85aa8ba625503d3a8c9cd

[ENV] PYSCF_EXT_PATH /project/lgagliardi/shreyav/apps/pyscf_ext/.pyscf_ext_path:/project/lgagliardi/shreyav/apps/pyscf-qcdmet/pyscf
[CONFIG] conf_file None
[INPUT] verbose = 4
[INPUT] num. atoms = 19
[INPUT] num. electrons = 84
[INPUT] charge = 2
[INPUT] spin (= nelec alpha-beta = 2S) = 0
[INPUT] symmetry False subgroup None
[INPUT] Mole.unit = angstrom
[INPUT] Symbol           X                Y                Z      unit          X                Y                Z       unit  Magmom
[INPUT]  1 Fe     0.000000000000   0.000000000000   0.000000000000 AA    0.000000000000   0.000000000000   0.000000000000 Bohr   0.0
[INPUT]  2 O      0.000000000000   0.000000000000   2.119571000000 AA    0.000000000000   0.000000000000   4.005408691570 Bohr   0.0
[INPUT]  3 O      2.165509000000   0.000000000000   0.000000000000 AA    4.092218930281   0.000000000000   0.000000000000 Bohr   0.0
[INPUT]  4 O      0.000000000000   2.172325000000   0.000000000000 AA    0.000000000000   4.105099303546   0.000000000000 Bohr   0.0
[INPUT]  5 O     -2.165509000000   0.000000000000   0.000000000000 AA   -4.092218930281   0.000000000000   0.000000000000 Bohr   0.0
[INPUT]  6 O      0.000000000000   0.000000000000  -2.119571000000 AA    0.000000000000   0.000000000000  -4.005408691570 Bohr   0.0
[INPUT]  7 O      0.000000000000  -2.172325000000   0.000000000000 AA    0.000000000000  -4.105099303546   0.000000000000 Bohr   0.0
[INPUT]  8 H     -0.776088000000   0.000000000000   2.702903000000 AA   -1.466593768561   0.000000000000   5.107746411265 Bohr   0.0
[INPUT]  9 H      0.776088000000   0.000000000000   2.702903000000 AA    1.466593768561   0.000000000000   5.107746411265 Bohr   0.0
[INPUT] 10 H      2.761451000000   0.767440000000   0.000000000000 AA    5.218386096406   1.450251417036   0.000000000000 Bohr   0.0
[INPUT] 11 H      2.761451000000  -0.767440000000   0.000000000000 AA    5.218386096406  -1.450251417036   0.000000000000 Bohr   0.0
[INPUT] 12 H     -0.764909000000   2.769971000000   0.000000000000 AA   -1.445468520215   5.234486562988   0.000000000000 Bohr   0.0
[INPUT] 13 H      0.764909000000   2.769971000000   0.000000000000 AA    1.445468520215   5.234486562988   0.000000000000 Bohr   0.0
[INPUT] 14 H     -2.761451000000   0.767440000000   0.000000000000 AA   -5.218386096406   1.450251417036   0.000000000000 Bohr   0.0
[INPUT] 15 H     -2.761451000000  -0.767440000000   0.000000000000 AA   -5.218386096406  -1.450251417036   0.000000000000 Bohr   0.0
[INPUT] 16 H     -0.776088000000   0.000000000000  -2.702903000000 AA   -1.466593768561   0.000000000000  -5.107746411265 Bohr   0.0
[INPUT] 17 H      0.776088000000   0.000000000000  -2.702903000000 AA    1.466593768561   0.000000000000  -5.107746411265 Bohr   0.0
[INPUT] 18 H     -0.764909000000  -2.769971000000   0.000000000000 AA   -1.445468520215  -5.234486562988   0.000000000000 Bohr   0.0
[INPUT] 19 H      0.764909000000  -2.769971000000   0.000000000000 AA    1.445468520215  -5.234486562988   0.000000000000 Bohr   0.0

nuclear repulsion = 651.788561883814
number of shells = 75
number of NR pGTOs = 371
number of NR cGTOs = 212
basis = {'O': 'cc-pvdz', 'Fe': 'cc-pvtz', 'H': 'cc-pvdz'}
ecp = {}
CPU time:         1.72


******** <class 'pyscf.scf.hf.RHF'> ********
method = RHF
initial guess = minao
damping factor = 0
level_shift factor = 0
DIIS = <class 'pyscf.scf.diis.CDIIS'>
diis_start_cycle = 1
diis_space = 8
SCF conv_tol = 1e-09
SCF conv_tol_grad = None
SCF max_cycles = 50
direct_scf = True
direct_scf_tol = 1e-13
chkfile to save SCF result = /scratch/local/jobs/9915279/tmp7_kng64g
max_memory 4000 MB (current use 102 MB)
Set gradient conv threshold to 3.16228e-05
Initial guess from minao.
init E= -1716.38401795274
  HOMO = 0.0630700293488383  LUMO = 0.0667669873969145
cycle= 1 E= -1703.93365324968  delta_E= 12.5  |g|= 5.97  |ddm|= 60.8
  HOMO = -1.3232503616028  LUMO = -1.30646484254145
cycle= 2 E= -1635.84403969753  delta_E= 68.1  |g|= 25.8  |ddm|= 63.3
  HOMO = -1.18267974333771  LUMO = -1.17727699845673
cycle= 3 E= -1681.06122014754  delta_E= -45.2  |g|= 17.1  |ddm|= 44.1
  HOMO = -1.07125166315094  LUMO = -1.03534062992932
cycle= 4 E= -1695.00450304247  delta_E= -13.9  |g|= 13.4  |ddm|= 5.66
  HOMO = -1.07182302436709  LUMO = -1.02961776473227
cycle= 5 E= -1699.69796518194  delta_E= -4.69  |g|= 11.5  |ddm|= 4.97
  HOMO = -1.06277558037649  LUMO = -0.938496601556566
cycle= 6 E= -1702.39777140594  delta_E= -2.7  |g|= 10.4  |ddm|= 6.08
  HOMO = -0.971884562675601  LUMO = -0.942121809221916
cycle= 7 E= -1707.27911198031  delta_E= -4.88  |g|= 8.18  |ddm|= 8.76
  HOMO = -0.930702825503397  LUMO = -0.896529796440773
cycle= 8 E= -1708.99044677544  delta_E= -1.71  |g|=  7.2  |ddm|= 4.52
  HOMO = -0.899894236102279  LUMO = -0.825170519344897
cycle= 9 E= -1711.19547753316  delta_E= -2.21  |g|= 5.92  |ddm|= 3.21
  HOMO = -0.155352982511857  LUMO = -0.142701091216469
cycle= 10 E= -1700.81060719541  delta_E= 10.4  |g|= 7.06  |ddm|= 73.7
  HOMO = -0.688533518038451  LUMO = -0.66003540840304
cycle= 11 E= -1716.82713349066  delta_E=  -16  |g|= 1.75  |ddm|= 73.9
  HOMO = -0.576912757245577  LUMO = -0.470901860127556
cycle= 12 E= -1717.91475758802  delta_E= -1.09  |g|= 0.585  |ddm|= 2.05
  HOMO = -0.70684163795199  LUMO = -0.202518208371129
cycle= 13 E= -1718.10311643451  delta_E= -0.188  |g|= 0.338  |ddm|= 1.01
  HOMO = -0.779496527970433  LUMO = -0.199568245550493
cycle= 14 E= -1718.14500768982  delta_E= -0.0419  |g|= 0.0689  |ddm|= 0.678
  HOMO = -0.782136681097736  LUMO = -0.201022855604656
cycle= 15 E= -1718.14737072518  delta_E= -0.00236  |g|= 0.0367  |ddm|= 0.137
  HOMO = -0.782409619734481  LUMO = -0.200767237455579
cycle= 16 E= -1718.14861261894  delta_E= -0.00124  |g|= 0.0277  |ddm|= 0.0785
  HOMO = -0.782944294356985  LUMO = -0.200997720539404
cycle= 17 E= -1718.14957360488  delta_E= -0.000961  |g|= 0.0227  |ddm|= 0.0705
  HOMO = -0.786801071653219  LUMO = -0.201040895698764
cycle= 18 E= -1718.15145599653  delta_E= -0.00188  |g|= 0.0107  |ddm|= 0.222
  HOMO = -0.785256354124184  LUMO = -0.201076040786619
cycle= 19 E= -1718.15172749507  delta_E= -0.000271  |g|= 0.00407  |ddm|= 0.0919
  HOMO = -0.783135872263841  LUMO = -0.200987031630719
cycle= 20 E= -1718.1517461946  delta_E= -1.87e-05  |g|= 0.00122  |ddm|= 0.0237
  HOMO = -0.783105055987945  LUMO = -0.201008577898528
cycle= 21 E= -1718.15174745752  delta_E= -1.26e-06  |g|= 0.000369  |ddm|= 0.00658
  HOMO = -0.783089503703208  LUMO = -0.201008864871594
cycle= 22 E= -1718.15174750753  delta_E= -5e-08  |g|= 8.53e-05  |ddm|= 0.000801
  HOMO = -0.783058649699963  LUMO = -0.201010633316219
cycle= 23 E= -1718.15174751182  delta_E= -4.29e-09  |g|= 3.76e-05  |ddm|= 0.000245
  HOMO = -0.783076148523975  LUMO = -0.201010403572566
cycle= 24 E= -1718.15174751209  delta_E= -2.76e-10  |g|= 1.34e-05  |ddm|= 7.23e-05
  HOMO = -0.783077749097721  LUMO = -0.201010593636905
Extra cycle  E= -1718.15174751218  delta_E= -8.46e-11  |g|= 7.15e-06  |ddm|= 2.51e-05
converged SCF energy = -1718.15174751218
SV active_orbs:  range(0, 212)
SV active[active_orbs]:  [1 1 1 1 1 1 1 1 1 1 1 1 1 1 1 1 1 1 1 1 1 1 1 1 1 1 1 1 1 1 1 1 1 1 1 1 1
 1 1 1 1 1 1 1 1 1 1 1 1 1 1 1 1 1 1 1 1 1 1 1 1 1 1 1 1 1 1 1 1 1 1 1 1 1
 1 1 1 1 1 1 1 1 1 1 1 1 1 1 1 1 1 1 1 1 1 1 1 1 1 1 1 1 1 1 1 1 1 1 1 1 1
 1 1 1 1 1 1 1 1 1 1 1 1 1 1 1 1 1 1 1 1 1 1 1 1 1 1 1 1 1 1 1 1 1 1 1 1 1
 1 1 1 1 1 1 1 1 1 1 1 1 1 1 1 1 1 1 1 1 1 1 1 1 1 1 1 1 1 1 1 1 1 1 1 1 1
 1 1 1 1 1 1 1 1 1 1 1 1 1 1 1 1 1 1 1 1 1 1 1 1 1 1 1]
SV self.Norbs:  212
SV self.Nelec:  84
SV ao2loc for meta_lowdin:  [[ 9.82316728e-01  1.86847698e-01 -1.70173732e-03 ... -1.43175212e-03
  -1.47843485e-03  6.26382755e-18]
 [-1.86800937e-01  9.84146619e-01  1.63732991e-03 ... -4.13456220e-03
  -4.44870249e-03  1.94508680e-17]
 [-1.12862040e-03  4.61032647e-03  9.85844408e-01 ... -5.88953599e-03
  -1.82794501e-02  1.21931646e-16]
 ...
 [ 0.00000000e+00  0.00000000e+00  0.00000000e+00 ...  1.54671886e+00
  -2.68275509e-01 -3.64300378e-15]
 [ 0.00000000e+00  0.00000000e+00  0.00000000e+00 ... -2.68275509e-01
   1.38762686e+00  3.87507047e-16]
 [ 0.00000000e+00  0.00000000e+00  0.00000000e+00 ... -3.64300378e-15
   3.87507047e-16  1.14043837e+00]]
SV activeOEI:  [[-3.51928212e+02  2.49986360e+00 -6.80198734e-01 ... -1.33658493e-02
  -1.89748855e-02  3.52786533e-17]
 [ 2.49986360e+00 -9.68180973e+01  4.47642558e+00 ...  2.32841533e-02
   4.12882222e-02 -6.60915454e-17]
 [-6.80198734e-01  4.47642558e+00 -4.59858237e+01 ... -1.26487412e-02
  -5.26341012e-02 -1.47193347e-16]
 ...
 [-1.33658493e-02  2.32841533e-02 -1.26487412e-02 ... -1.38951198e+01
  -3.20117264e-01  6.35015169e-14]
 [-1.89748855e-02  4.12882222e-02 -5.26341012e-02 ... -3.20117264e-01
  -1.42817011e+01 -1.32261215e-14]
 [ 3.57296879e-17 -6.79780670e-17 -1.90398533e-16 ...  6.34248223e-14
  -1.32355349e-14 -1.43718085e+01]]
SV twoS=  0
SV: impClust [array([1, 1, 1, 1, 1, 1, 1, 1, 1, 1, 1, 1, 1, 1, 1, 1, 1, 1, 1, 1, 1, 1,
       1, 1, 1, 1, 1, 1, 1, 1, 1, 1, 1, 1, 1, 1, 1, 1, 1, 1, 1, 1, 1, 1,
       1, 1, 1, 1, 1, 1, 1, 1, 1, 1, 1, 1, 1, 1, 1, 1, 1, 1, 1, 1, 1, 1,
       1, 1, 0, 0, 0, 0, 0, 0, 0, 0, 0, 0, 0, 0, 0, 0, 0, 0, 0, 0, 0, 0,
       0, 0, 0, 0, 0, 0, 0, 0, 0, 0, 0, 0, 0, 0, 0, 0, 0, 0, 0, 0, 0, 0,
       0, 0, 0, 0, 0, 0, 0, 0, 0, 0, 0, 0, 0, 0, 0, 0, 0, 0, 0, 0, 0, 0,
       0, 0, 0, 0, 0, 0, 0, 0, 0, 0, 0, 0, 0, 0, 0, 0, 0, 0, 0, 0, 0, 0,
       0, 0, 0, 0, 0, 0, 0, 0, 0, 0, 0, 0, 0, 0, 0, 0, 0, 0, 0, 0, 0, 0,
       0, 0, 0, 0, 0, 0, 0, 0, 0, 0, 0, 0, 0, 0, 0, 0, 0, 0, 0, 0, 0, 0,
       0, 0, 0, 0, 0, 0, 0, 0, 0, 0, 0, 0, 0, 0])] and its length:  1
SV impurityOrbs:  [1 1 1 1 1 1 1 1 1 1 1 1 1 1 1 1 1 1 1 1 1 1 1 1 1 1 1 1 1 1 1 1 1 1 1 1 1
 1 1 1 1 1 1 1 1 1 1 1 1 1 1 1 1 1 1 1 1 1 1 1 1 1 1 1 1 1 1 1 0 0 0 0 0 0
 0 0 0 0 0 0 0 0 0 0 0 0 0 0 0 0 0 0 0 0 0 0 0 0 0 0 0 0 0 0 0 0 0 0 0 0 0
 0 0 0 0 0 0 0 0 0 0 0 0 0 0 0 0 0 0 0 0 0 0 0 0 0 0 0 0 0 0 0 0 0 0 0 0 0
 0 0 0 0 0 0 0 0 0 0 0 0 0 0 0 0 0 0 0 0 0 0 0 0 0 0 0 0 0 0 0 0 0 0 0 0 0
 0 0 0 0 0 0 0 0 0 0 0 0 0 0 0 0 0 0 0 0 0 0 0 0 0 0 0]
SV thearray (stores the total number of impurity orbitals taken in that fragment):  [68]
SV self.numPairs:  42.0
***** Entering self-consistent *****
RHF energy = -1718.151747512179
DMET iteration 1
SV OEI from localintegrals (in local basis):  [[-2.616e+02 -1.315e+00  5.112e-01 ... -4.970e-03 -5.315e-03  5.093e-17]
 [-1.315e+00 -3.221e+01 -2.486e-01 ...  1.891e-03  1.877e-03 -1.361e-16]
 [ 5.112e-01 -2.486e-01 -4.441e+00 ... -1.829e-04  1.673e-04 -2.161e-16]
 ...
 [-4.970e-03  1.891e-03 -1.829e-04 ...  2.040e+00 -4.112e-01 -1.040e-14]
 [-5.315e-03  1.877e-03  1.673e-04 ... -4.112e-01  1.836e+00  2.116e-15]
 [ 5.041e-17 -1.364e-16 -2.036e-16 ... -1.042e-14  2.200e-15  1.435e+00]]
SV eigenvecs:  [[ 1.000e+00  5.696e-03 -4.481e-17 ... -1.730e-18 -4.069e-18  3.950e-19]
 [ 5.727e-03 -9.999e-01  1.171e-15 ...  4.115e-18  1.386e-17 -2.996e-18]
 [-1.981e-03 -9.037e-03 -1.066e-16 ...  1.250e-18  9.630e-18  2.371e-18]
 ...
 [ 1.907e-05  6.256e-05  3.200e-06 ... -4.549e-03  1.719e-14 -7.598e-04]
 [ 2.040e-05  6.246e-05  6.371e-06 ... -6.092e-03  1.767e-14  3.213e-03]
 [-9.565e-20 -2.038e-18 -7.580e-18 ... -6.970e-15 -1.034e-03 -2.291e-15]]
SV not here
SV OneRDM in lo basis:  [[ 2.000e+00  2.546e-05 -5.524e-05 ...  4.018e-05  4.017e-05 -5.254e-19]
 [ 2.546e-05  2.000e+00  1.836e-04 ... -1.279e-04 -1.204e-04  5.282e-18]
 [-5.524e-05  1.836e-04  2.000e+00 ...  1.339e-04 -1.872e-05  1.553e-16]
 ...
 [ 4.018e-05 -1.279e-04  1.339e-04 ...  1.924e-03 -1.217e-03 -1.009e-16]
 [ 4.017e-05 -1.204e-04 -1.872e-05 ... -1.217e-03  1.336e-03 -3.414e-16]
 [-5.254e-19  5.282e-18  1.553e-16 ... -1.009e-16 -3.414e-16  1.551e-03]]
SV impurityOrbs to be passed to constructbath:  [1 1 1 1 1 1 1 1 1 1 1 1 1 1 1 1 1 1 1 1 1 1 1 1 1 1 1 1 1 1 1 1 1 1 1 1 1 1 1 1 1 1 1 1 1 1 1 1 1 1 1 1 1 1 1 1 1 1 1 1 1 1 1 1 1 1 1 1 0 0 0 0 0 0 0 0 0 0 0
 0 0 0 0 0 0 0 0 0 0 0 0 0 0 0 0 0 0 0 0 0 0 0 0 0 0 0 0 0 0 0 0 0 0 0 0 0 0 0 0 0 0 0 0 0 0 0 0 0 0 0 0 0 0 0 0 0 0 0 0 0 0 0 0 0 0 0 0 0 0 0 0 0 0 0 0 0 0 0
 0 0 0 0 0 0 0 0 0 0 0 0 0 0 0 0 0 0 0 0 0 0 0 0 0 0 0 0 0 0 0 0 0 0 0 0 0 0 0 0 0 0 0 0 0 0 0 0 0 0 0 0 0 0]
SV embeddingOrbs:  [0 0 0 0 0 0 0 0 0 0 0 0 0 0 0 0 0 0 0 0 0 0 0 0 0 0 0 0 0 0 0 0 0 0 0 0 0 0 0 0 0 0 0 0 0 0 0 0 0 0 0 0 0 0 0 0 0 0 0 0 0 0 0 0 0 0 0 0 1 1 1 1 1 1 1 1 1 1 1
 1 1 1 1 1 1 1 1 1 1 1 1 1 1 1 1 1 1 1 1 1 1 1 1 1 1 1 1 1 1 1 1 1 1 1 1 1 1 1 1 1 1 1 1 1 1 1 1 1 1 1 1 1 1 1 1 1 1 1 1 1 1 1 1 1 1 1 1 1 1 1 1 1 1 1 1 1 1 1
 1 1 1 1 1 1 1 1 1 1 1 1 1 1 1 1 1 1 1 1 1 1 1 1 1 1 1 1 1 1 1 1 1 1 1 1 1 1 1 1 1 1 1 1 1 1 1 1 1 1 1 1 1 1]
SV embeddingOrbs:  [[0 0 0 0 0 0 0 0 0 0 0 0 0 0 0 0 0 0 0 0 0 0 0 0 0 0 0 0 0 0 0 0 0 0 0 0 0 0 0 0 0 0 0 0 0 0 0 0 0 0 0 0 0 0 0 0 0 0 0 0 0 0 0 0 0 0 0 0 1 1 1 1 1 1 1 1 1 1
  1 1 1 1 1 1 1 1 1 1 1 1 1 1 1 1 1 1 1 1 1 1 1 1 1 1 1 1 1 1 1 1 1 1 1 1 1 1 1 1 1 1 1 1 1 1 1 1 1 1 1 1 1 1 1 1 1 1 1 1 1 1 1 1 1 1 1 1 1 1 1 1 1 1 1 1 1 1
  1 1 1 1 1 1 1 1 1 1 1 1 1 1 1 1 1 1 1 1 1 1 1 1 1 1 1 1 1 1 1 1 1 1 1 1 1 1 1 1 1 1 1 1 1 1 1 1 1 1 1 1 1 1 1 1]]
SV numEmbedOrbs:  144
SV OneDM[isEmbedding]:  [ 2.000e+00  5.213e-04 -2.223e-03 ... -1.009e-16 -3.414e-16  1.551e-03]
SV embedding1RDM:  [[ 2.000e+00  5.213e-04 -2.223e-03 ...  1.099e-06 -1.061e-06 -3.187e-06]
 [ 5.213e-04  1.612e+00 -2.588e-03 ... -1.071e-03 -1.767e-03 -1.502e-03]
 [-2.223e-03 -2.588e-03  3.783e-03 ... -1.610e-04 -2.372e-04  3.667e-06]
 ...
 [ 1.099e-06 -1.071e-03 -1.610e-04 ...  1.924e-03 -1.217e-03 -1.009e-16]
 [-1.061e-06 -1.767e-03 -2.372e-04 ... -1.217e-03  1.336e-03 -3.414e-16]
 [-3.187e-06 -1.502e-03  3.667e-06 ... -1.009e-16 -3.414e-16  1.551e-03]]
SV idx:  [114 115 116 117 118 119 113 112 120 121 122 111 123 124 125 126 127 128 129 130 131 132 133 110 134 135 109 108 136 107 106 137 138 105 104 103 139 140 141
 142 143 102 101 100  99  98  97  96  95  94  93  92  91  90  89  88  87  86  85  84  83  82  81  80  79  78  77  76  75  74  73  72  71  70  69  68  67  66
  65  64  63  62  61  60  59  58  57  56  55  54  53  52  51  50  49  48  47  46  45  44  43  42  41  40  39  38  37  36  35  34  33  32  31  30  29  28  27
  26  25  24  23  22  21  20  19  18  17  16  15  14  13  12  11  10   9   8   7   6   5   4   3   2   1   0]
SV tokeep:  42 and numBathOrbs:  68
DMET::constructbath : Throwing out 26 orbitals which are within 1e-13 of 0 or 2.
SV coreOccupations (its length is n cGTOs):  [ 0.000e+00  0.000e+00  0.000e+00  0.000e+00  0.000e+00  0.000e+00  0.000e+00  0.000e+00  0.000e+00  0.000e+00  0.000e+00  0.000e+00  0.000e+00  0.000e+00
  0.000e+00  0.000e+00  0.000e+00  0.000e+00  0.000e+00  0.000e+00  0.000e+00  0.000e+00  0.000e+00  0.000e+00  0.000e+00  0.000e+00  0.000e+00  0.000e+00
  0.000e+00  0.000e+00  0.000e+00  0.000e+00  0.000e+00  0.000e+00  0.000e+00  0.000e+00  0.000e+00  0.000e+00  0.000e+00  0.000e+00  0.000e+00  0.000e+00
  0.000e+00  0.000e+00  0.000e+00  0.000e+00  0.000e+00  0.000e+00  0.000e+00  0.000e+00  0.000e+00  0.000e+00  0.000e+00  0.000e+00  0.000e+00  0.000e+00
  0.000e+00  0.000e+00  0.000e+00  0.000e+00  0.000e+00  0.000e+00  0.000e+00  0.000e+00  0.000e+00  0.000e+00  0.000e+00  0.000e+00  0.000e+00  0.000e+00
  0.000e+00  0.000e+00  0.000e+00  0.000e+00  0.000e+00  0.000e+00  0.000e+00  0.000e+00  0.000e+00  0.000e+00  0.000e+00  0.000e+00  0.000e+00  0.000e+00
  0.000e+00  0.000e+00  0.000e+00  0.000e+00  0.000e+00  0.000e+00  0.000e+00  0.000e+00  0.000e+00  0.000e+00  0.000e+00  0.000e+00  0.000e+00  0.000e+00
  0.000e+00  0.000e+00  0.000e+00  0.000e+00  0.000e+00  0.000e+00  0.000e+00  0.000e+00  0.000e+00  0.000e+00  0.000e+00  0.000e+00  9.695e-16  7.345e-16
  6.432e-16  5.383e-16  4.615e-16  4.498e-16  4.277e-16  3.494e-16  3.136e-16  3.119e-16  2.657e-16  2.211e-16  1.964e-16  1.751e-16  1.453e-16  1.429e-16
  1.379e-16  1.148e-16  9.188e-17  8.365e-17  7.723e-17  7.457e-17  6.117e-17  5.940e-17  4.848e-17  4.596e-17  4.060e-17  3.824e-17  2.326e-17  2.293e-17
  2.052e-17  1.898e-17  1.851e-17  1.385e-17  1.162e-17  1.112e-17  7.895e-18  5.887e-18  4.930e-18  4.910e-18  3.971e-18  3.441e-18  2.432e-18  2.221e-18
  1.853e-18  1.238e-18  8.899e-19  4.562e-21  8.627e-22 -1.183e-20 -3.336e-19 -6.545e-19 -9.167e-19 -9.973e-19 -1.181e-18 -1.789e-18 -1.920e-18 -2.279e-18
 -3.254e-18 -3.620e-18 -3.923e-18 -4.317e-18 -5.101e-18 -6.940e-18 -7.048e-18 -7.182e-18 -8.934e-18 -9.302e-18 -1.089e-17 -1.329e-17 -1.773e-17 -1.815e-17
 -1.955e-17 -2.072e-17 -2.430e-17 -2.673e-17 -3.132e-17 -3.227e-17 -3.772e-17 -4.291e-17 -5.033e-17 -5.365e-17 -5.429e-17 -5.783e-17 -6.538e-17 -7.607e-17
 -8.275e-17 -1.035e-16 -1.152e-16 -1.229e-16 -1.303e-16 -1.995e-16 -2.038e-16 -2.230e-16 -2.440e-16 -2.840e-16 -3.340e-16 -4.908e-16 -5.356e-16 -5.462e-16
 -6.280e-16 -9.477e-16]
SV eigenvecs:  [[ 1.     0.     0.    ...  0.     0.     0.   ]
 [ 0.     1.     0.    ...  0.     0.     0.   ]
 [ 0.     0.     1.    ...  0.     0.     0.   ]
 ...
 [ 0.     0.     0.    ...  0.009 -0.011  0.014]
 [ 0.     0.     0.    ...  0.045  0.027  0.02 ]
 [ 0.     0.     0.    ... -0.016 -0.02   0.008]]
SV core1RDM_dmet:  [ 0.000e+00  0.000e+00  0.000e+00  0.000e+00  0.000e+00  0.000e+00  0.000e+00  0.000e+00  0.000e+00  0.000e+00  0.000e+00  0.000e+00  0.000e+00  0.000e+00
  0.000e+00  0.000e+00  0.000e+00  0.000e+00  0.000e+00  0.000e+00  0.000e+00  0.000e+00  0.000e+00  0.000e+00  0.000e+00  0.000e+00  0.000e+00  0.000e+00
  0.000e+00  0.000e+00  0.000e+00  0.000e+00  0.000e+00  0.000e+00  0.000e+00  0.000e+00  0.000e+00  0.000e+00  0.000e+00  0.000e+00  0.000e+00  0.000e+00
  0.000e+00  0.000e+00  0.000e+00  0.000e+00  0.000e+00  0.000e+00  0.000e+00  0.000e+00  0.000e+00  0.000e+00  0.000e+00  0.000e+00  0.000e+00  0.000e+00
  0.000e+00  0.000e+00  0.000e+00  0.000e+00  0.000e+00  0.000e+00  0.000e+00  0.000e+00  0.000e+00  0.000e+00  0.000e+00  0.000e+00  0.000e+00  0.000e+00
  0.000e+00  0.000e+00  0.000e+00  0.000e+00  0.000e+00  0.000e+00  0.000e+00  0.000e+00  0.000e+00  0.000e+00  0.000e+00  0.000e+00  0.000e+00  0.000e+00
  0.000e+00  0.000e+00  0.000e+00  0.000e+00  0.000e+00  0.000e+00  0.000e+00  0.000e+00  0.000e+00  0.000e+00  0.000e+00  0.000e+00  0.000e+00  0.000e+00
  0.000e+00  0.000e+00  0.000e+00  0.000e+00  0.000e+00  0.000e+00  0.000e+00  0.000e+00  0.000e+00  0.000e+00  0.000e+00  0.000e+00  9.695e-16  7.345e-16
  6.432e-16  5.383e-16  4.615e-16  4.498e-16  4.277e-16  3.494e-16  3.136e-16  3.119e-16  2.657e-16  2.211e-16  1.964e-16  1.751e-16  1.453e-16  1.429e-16
  1.379e-16  1.148e-16  9.188e-17  8.365e-17  7.723e-17  7.457e-17  6.117e-17  5.940e-17  4.848e-17  4.596e-17  4.060e-17  3.824e-17  2.326e-17  2.293e-17
  2.052e-17  1.898e-17  1.851e-17  1.385e-17  1.162e-17  1.112e-17  7.895e-18  5.887e-18  4.930e-18  4.910e-18  3.971e-18  3.441e-18  2.432e-18  2.221e-18
  1.853e-18  1.238e-18  8.899e-19  4.562e-21  8.627e-22 -1.183e-20 -3.336e-19 -6.545e-19 -9.167e-19 -9.973e-19 -1.181e-18 -1.789e-18 -1.920e-18 -2.279e-18
 -3.254e-18 -3.620e-18 -3.923e-18 -4.317e-18 -5.101e-18 -6.940e-18 -7.048e-18 -7.182e-18 -8.934e-18 -9.302e-18 -1.089e-17 -1.329e-17 -1.773e-17 -1.815e-17
 -1.955e-17 -2.072e-17 -2.430e-17 -2.673e-17 -3.132e-17 -3.227e-17 -3.772e-17 -4.291e-17 -5.033e-17 -5.365e-17 -5.429e-17 -5.783e-17 -6.538e-17 -7.607e-17
 -8.275e-17 -1.035e-16 -1.152e-16 -1.229e-16 -1.303e-16 -1.995e-16 -2.038e-16 -2.230e-16 -2.440e-16 -2.840e-16 -3.340e-16 -4.908e-16 -5.356e-16 -5.462e-16
 -6.280e-16 -9.477e-16]
SV loc2dmet:  [[ 1.     0.     0.    ...  0.     0.     0.   ]
 [ 0.     1.     0.    ...  0.     0.     0.   ]
 [ 0.     0.     1.    ...  0.     0.     0.   ]
 ...
 [ 0.     0.     0.    ...  0.009 -0.011  0.014]
 [ 0.     0.     0.    ...  0.045  0.027  0.02 ]
 [ 0.     0.     0.    ... -0.016 -0.02   0.008]]
SV Nelec_in_imp:  84
SV core1RDM_loc 1:  [[0. 0. 0. ... 0. 0. 0.]
 [0. 0. 0. ... 0. 0. 0.]
 [0. 0. 0. ... 0. 0. 0.]
 ...
 [0. 0. 0. ... 0. 0. 0.]
 [0. 0. 0. ... 0. 0. 0.]
 [0. 0. 0. ... 0. 0. 0.]] and Norb_in_imp:  110
SV dmetOrbs:  [array([[ 1.000e+00,  0.000e+00,  0.000e+00, ...,  0.000e+00,  0.000e+00,  0.000e+00],
       [ 0.000e+00,  1.000e+00,  0.000e+00, ...,  0.000e+00,  0.000e+00,  0.000e+00],
       [ 0.000e+00,  0.000e+00,  1.000e+00, ...,  0.000e+00,  0.000e+00,  0.000e+00],
       ...,
       [ 0.000e+00,  0.000e+00,  0.000e+00, ..., -2.373e-04, -8.649e-10, -3.058e-02],
       [ 0.000e+00,  0.000e+00,  0.000e+00, ...,  2.439e-04,  8.563e-10, -4.663e-02],
       [ 0.000e+00,  0.000e+00,  0.000e+00, ...,  5.553e-11, -1.806e-05,  4.416e-08]])]
SV FOCKdmet:  [[-3.519e+02  2.500e+00 -6.802e-01 ...  6.566e-04  1.962e-09  1.013e-01]
 [ 2.500e+00 -9.682e+01  4.476e+00 ... -1.751e-04 -4.929e-10 -3.046e-01]
 [-6.802e-01  4.476e+00 -4.599e+01 ... -5.098e-04 -1.609e-09  4.925e-01]
 ...
 [ 6.566e-04 -1.751e-04 -5.098e-04 ... -4.735e+01  3.919e-07 -8.896e-02]
 [ 1.962e-09 -4.929e-10 -1.609e-09 ...  3.919e-07 -4.748e+01 -3.539e-07]
 [ 1.013e-01 -3.046e-01  4.925e-01 ... -8.896e-02 -3.539e-07 -1.685e+01]]
DMET::exact : Performing a ( 110 orb, 84 el ) DMET active space calculation.
SV localintegrals numAct=  110
SV ao2dmet, ao2mdet_act:  [[ 9.823e-01  1.868e-01 -1.702e-03 ... -3.996e-03  7.477e-03 -1.344e-02]
 [-1.868e-01  9.841e-01  1.637e-03 ... -1.176e-02  2.227e-02 -4.025e-02]
 [-1.129e-03  4.610e-03  9.858e-01 ... -5.716e-02  1.234e-01 -2.377e-01]
 ...
 [ 0.000e+00  0.000e+00  0.000e+00 ...  5.087e-03 -5.894e-02  2.592e-02]
 [ 0.000e+00  0.000e+00  0.000e+00 ...  4.532e-02  1.190e-02  6.205e-04]
 [ 0.000e+00  0.000e+00  0.000e+00 ... -2.978e-02 -2.241e-02  1.381e-02]] [[ 9.823e-01  1.868e-01 -1.702e-03 ... -5.767e-06 -1.647e-11 -1.222e-02]
 [-1.868e-01  9.841e-01  1.637e-03 ... -6.908e-06 -1.822e-11 -3.713e-02]
 [-1.129e-03  4.610e-03  9.858e-01 ... -1.007e-04 -2.887e-10 -2.602e-01]
 ...
 [ 0.000e+00  0.000e+00  0.000e+00 ... -2.369e-04 -7.439e-10 -8.286e-02]
 [ 0.000e+00  0.000e+00  0.000e+00 ...  2.923e-04  1.009e-09 -6.383e-02]
 [ 0.000e+00  0.000e+00  0.000e+00 ...  1.625e-10 -5.267e-05  6.520e-08]]
CAS Selection: ( 6 , 10 )
SV state_specific_ =  None
SV no FakeCISolver
Dimension: 110
Impurity active space:  6 electrons in  10  orbitals
Impurity CASSCF energy:  -2370.046475081289
********  The solver is converged.  ********
SV new 1RDM:  [[ 2.000e+00  3.272e-05  4.024e-04 ... -1.087e-05 -1.661e-05 -3.590e-10]
 [ 3.272e-05  2.000e+00  1.084e-03 ... -4.436e-05 -5.915e-05 -3.848e-09]
 [ 4.024e-04  1.084e-03  2.008e+00 ... -3.823e-04 -3.740e-04 -2.091e-07]
 ...
 [-1.087e-05 -4.436e-05 -3.823e-04 ...  6.285e-03 -3.271e-03  7.023e-10]
 [-1.661e-05 -5.915e-05 -3.740e-04 ... -3.271e-03  3.242e-03  9.721e-10]
 [-3.590e-10 -3.848e-09 -2.091e-07 ...  7.023e-10  9.721e-10  1.538e-03]]
       State 0 (0.200): E(Solver) = -2370.07402415  E(Imp) = -2370.07402415  <S^2> = 0.000000
***** Starting to calculate MCPDFT Energy *****
You are doing a SA-MCPDFT calculation with  tPBE on-top functional!
Building tPBE functional
SV hyb:  [0, 0]
**** Starting on-top energy calculation ****
MCPDFT spin:  0
tot grids = 225904
**** This is the breakdown ****
Vnn:  651.7885618838137
Te_Vne:  -3648.6450191959316
E_j:  1386.3964543553882
E_x:  0
E_ot:  -110.5231603570894
E_tot:  -1720.9831633138192
The DMET-PDFT energy is:  -1720.9831633138192
The on-top energy is:  -110.5231603570894
The MC-PDFT energy of State  0  is:  -1720.9831633138192
SV new 1RDM:  [[ 2.000e+00  3.275e-05  4.026e-04 ... -1.051e-05 -1.644e-05 -1.519e-10]
 [ 3.275e-05  2.000e+00  1.084e-03 ... -4.330e-05 -5.866e-05 -3.143e-09]
 [ 4.026e-04  1.084e-03  2.008e+00 ... -3.753e-04 -3.708e-04 -2.036e-07]
 ...
 [-1.051e-05 -4.330e-05 -3.753e-04 ...  6.302e-03 -3.262e-03 -6.340e-10]
 [-1.644e-05 -5.866e-05 -3.708e-04 ... -3.262e-03  3.247e-03 -2.547e-10]
 [-1.519e-10 -3.143e-09 -2.036e-07 ... -6.340e-10 -2.547e-10  1.522e-03]]
       State 1 (0.200): E(Solver) = -2370.05129134  E(Imp) = -2370.05129134  <S^2> = 0.000000
***** Starting to calculate MCPDFT Energy *****
You are doing a SA-MCPDFT calculation with  tPBE on-top functional!
Building tPBE functional
SV hyb:  [0, 0]
**** Starting on-top energy calculation ****
MCPDFT spin:  0
tot grids = 225904
**** This is the breakdown ****
Vnn:  651.7885618838137
Te_Vne:  -3648.8146477100327
E_j:  1386.5887516043263
E_x:  0
E_ot:  -110.5232149273456
E_tot:  -1720.9605491492384
The DMET-PDFT energy is:  -1720.9605491492384
The on-top energy is:  -110.5232149273456
The MC-PDFT energy of State  1  is:  -1720.9605491492384
SV new 1RDM:  [[ 2.000e+00  3.294e-05  4.035e-04 ... -1.092e-05 -1.668e-05 -6.064e-10]
 [ 3.294e-05  2.000e+00  1.087e-03 ... -4.451e-05 -5.935e-05 -4.560e-09]
 [ 4.035e-04  1.087e-03  2.008e+00 ... -3.829e-04 -3.749e-04 -2.114e-07]
 ...
 [-1.092e-05 -4.451e-05 -3.829e-04 ...  6.285e-03 -3.271e-03  5.210e-09]
 [-1.668e-05 -5.935e-05 -3.749e-04 ... -3.271e-03  3.242e-03  4.854e-09]
 [-6.064e-10 -4.560e-09 -2.114e-07 ...  5.210e-09  4.854e-09  1.537e-03]]
       State 2 (0.200): E(Solver) = -2370.04273009  E(Imp) = -2370.04273009  <S^2> = 0.000000
***** Starting to calculate MCPDFT Energy *****
You are doing a SA-MCPDFT calculation with  tPBE on-top functional!
Building tPBE functional
SV hyb:  [0, 0]
**** Starting on-top energy calculation ****
MCPDFT spin:  0
tot grids = 225904
**** This is the breakdown ****
Vnn:  651.7885618838137
Te_Vne:  -3648.790215699106
E_j:  1386.5767999314396
E_x:  0
E_ot:  -110.52895513818117
E_tot:  -1720.9538090220337
The DMET-PDFT energy is:  -1720.9538090220337
The on-top energy is:  -110.52895513818117
The MC-PDFT energy of State  2  is:  -1720.9538090220337
SV new 1RDM:  [[ 2.000e+00  3.282e-05  4.029e-04 ... -1.094e-05 -1.657e-05 -3.629e-10]
 [ 3.282e-05  2.000e+00  1.085e-03 ... -4.453e-05 -5.901e-05 -3.878e-09]
 [ 4.029e-04  1.085e-03  2.008e+00 ... -3.799e-04 -3.715e-04 -2.106e-07]
 ...
 [-1.094e-05 -4.453e-05 -3.799e-04 ...  6.303e-03 -3.258e-03 -6.158e-09]
 [-1.657e-05 -5.901e-05 -3.715e-04 ... -3.258e-03  3.241e-03 -4.816e-09]
 [-3.629e-10 -3.878e-09 -2.106e-07 ... -6.158e-09 -4.816e-09  1.537e-03]]
       State 3 (0.200): E(Solver) = -2370.04202454  E(Imp) = -2370.04202454  <S^2> = 0.000000
***** Starting to calculate MCPDFT Energy *****
You are doing a SA-MCPDFT calculation with  tPBE on-top functional!
Building tPBE functional
SV hyb:  [0, 0]
**** Starting on-top energy calculation ****
MCPDFT spin:  0
tot grids = 225904
**** This is the breakdown ****
Vnn:  651.7885618838137
Te_Vne:  -3648.863988243094
E_j:  1386.6563843897761
E_x:  0
E_ot:  -110.53291411595909
E_tot:  -1720.9519560854633
The DMET-PDFT energy is:  -1720.9519560854633
The on-top energy is:  -110.53291411595909
The MC-PDFT energy of State  3  is:  -1720.9519560854633
SV new 1RDM:  [[ 2.000e+00  3.295e-05  4.036e-04 ... -1.069e-05 -1.653e-05 -2.173e-09]
 [ 3.295e-05  2.000e+00  1.087e-03 ... -4.380e-05 -5.890e-05 -8.954e-09]
 [ 4.036e-04  1.087e-03  2.008e+00 ... -3.771e-04 -3.716e-04 -2.211e-07]
 ...
 [-1.069e-05 -4.380e-05 -3.771e-04 ...  6.303e-03 -3.261e-03  4.910e-08]
 [-1.653e-05 -5.890e-05 -3.716e-04 ... -3.261e-03  3.246e-03  3.074e-08]
 [-2.173e-09 -8.954e-09 -2.211e-07 ...  4.910e-08  3.074e-08  1.524e-03]]
       State 4 (0.200): E(Solver) = -2370.02230530  E(Imp) = -2370.02230530  <S^2> = 0.000000
***** Starting to calculate MCPDFT Energy *****
You are doing a SA-MCPDFT calculation with  tPBE on-top functional!
Building tPBE functional
SV hyb:  [0, 0]
**** Starting on-top energy calculation ****
MCPDFT spin:  0
tot grids = 225904
**** This is the breakdown ****
Vnn:  651.7885618838137
Te_Vne:  -3648.9541786343216
E_j:  1386.7540554781604
E_x:  0
E_ot:  -110.51217856370405
E_tot:  -1720.9237398360517
The DMET-PDFT energy is:  -1720.9237398360517
The on-top energy is:  -110.51217856370405
The MC-PDFT energy of State  4  is:  -1720.9237398360517
E_CASSCF before NEVPT2:  [-2370.074 -2370.051 -2370.043 -2370.042 -2370.022]
fix_spin_val:  0
=====================================
== State 0: 0.9578|111,111> + -0.1140|1011,1011> + -0.1115|10011,10011> + -0.1024|10101,10101>
   Occupancy: [1.949e+00 1.943e+00 1.932e+00 8.127e-02 6.987e-02 2.788e-04 2.394e-04 8.248e-03 8.291e-03 8.285e-03]
== State 1: 0.6567|1011,111> + 0.6567|111,1011> + 0.2152|10011,111> + 0.2152|111,10011>
   Occupancy: [1.962e+00 1.954e+00 9.993e-01 9.984e-01 6.144e-02 2.067e-04 8.228e-03 8.147e-03 3.485e-03 4.065e-03]
== State 2: -0.4930|111,10101> + -0.4930|10101,111> + 0.4813|111,1101> + 0.4813|1101,111>
   Occupancy: [1.963e+00 1.942e+00 9.990e-01 9.980e-01 7.354e-02 2.449e-04 4.025e-03 3.465e-03 8.233e-03 8.190e-03]
== State 3: -0.6621|111,10110> + -0.6621|10110,111> + -0.1943|1110,111> + -0.1943|111,1110>
   Occupancy: [1.959e+00 1.952e+00 1.000e+00 9.986e-01 6.553e-02 2.158e-04 4.060e-03 8.207e-03 8.278e-03 3.561e-03]
== State 4: 0.4653|111,11001> + 0.4653|11001,111> + 0.3367|10101,1011> + 0.3367|1011,10101>
   Occupancy: [1.843 0.797 1.137 1.132 1.068 0.008 0.003 0.004 0.005 0.005]
== State 5: -0.4454|11010,111> + -0.4454|111,11010> + -0.4297|10110,1011> + -0.4297|1011,10110>
   Occupancy: [1.777 1.2   1.189 1.079 0.732 0.007 0.003 0.005 0.005 0.004]
== State 6: -0.8132|1011,1011> + -0.3269|1011,10011> + -0.3269|10011,1011> + 0.1675|1101,1101>
   Occupancy: [1.875e+00 1.897e+00 1.882e+00 1.926e-01 1.305e-01 7.902e-04 4.422e-04 7.675e-03 7.679e-03 6.457e-03]
== State 7: 0.4297|111,11100> + 0.4297|11100,111> + -0.3588|111,10011> + -0.3588|10011,111>
   Occupancy: [1.666 0.71  1.021 1.293 1.286 0.007 0.002 0.004 0.005 0.005]
== State 8: -0.5319|10110,10110> + -0.4087|1101,10101> + -0.4087|10101,1101> + 0.3494|10101,10101>
   Occupancy: [1.373e+00 8.958e-01 1.687e+00 1.565e+00 4.568e-01 1.566e-03 3.686e-03 6.813e-03 5.605e-03 5.434e-03]
== State 9: -0.3362|11001,1011> + -0.3362|1011,11001> + 0.3023|1110,1011> + 0.3023|1011,1110>
   Occupancy: [9.814e-01 1.378e+00 1.510e+00 1.751e+00 3.567e-01 1.158e-03 4.072e-03 5.606e-03 5.991e-03 6.179e-03]
=====================================
E_CASSCF:  (array([-2370.074, -2370.051, -2370.043, -2370.042, -2370.022]), array([[ 8.942e-11, -2.370e+03, -2.371e+03],
       [ 5.014e-11, -2.370e+03, -2.371e+03],
       [ 2.997e-10, -2.370e+03, -2.371e+03],
       [ 1.600e-11, -2.370e+03, -2.371e+03],
       [ 5.097e-11, -2.370e+03, -2.371e+03],
       [ 3.579e-11, -2.370e+03, -2.371e+03],
       [ 3.469e-11, -2.370e+03, -2.371e+03],
       [ 1.695e-10, -2.370e+03, -2.371e+03],
       [ 6.431e-10, -2.370e+03, -2.371e+03],
       [ 1.754e-09, -2.370e+03, -2.371e+03]]))
e_mol:  -2370.046475081289
SV IMP_energy:  -2370.046475081289
SV E_casscf:  (array([-2370.074, -2370.051, -2370.043, -2370.042, -2370.022]), array([[ 8.942e-11, -2.370e+03, -2.371e+03],
       [ 5.014e-11, -2.370e+03, -2.371e+03],
       [ 2.997e-10, -2.370e+03, -2.371e+03],
       [ 1.600e-11, -2.370e+03, -2.371e+03],
       [ 5.097e-11, -2.370e+03, -2.371e+03],
       [ 3.579e-11, -2.370e+03, -2.371e+03],
       [ 3.469e-11, -2.370e+03, -2.371e+03],
       [ 1.695e-10, -2.370e+03, -2.371e+03],
       [ 6.431e-10, -2.370e+03, -2.371e+03],
       [ 1.754e-09, -2.370e+03, -2.371e+03]]))
SV Nelectrons:  24.532906869675394
SV Nefrag:  [24.532906869675394]
Fragment energies: [-2370.046475081289]
Fragment electrons: [24.532906869675394]
DEBUG Energy before adding up envi contribution: [-2370.074 -2370.051 -2370.043 -2370.042 -2370.022]
      State 0 weight 0.20000: E = -1718.28546226
      State 1 weight 0.20000: E = -1718.26272945
      State 2 weight 0.20000: E = -1718.25416820
      State 3 weight 0.20000: E = -1718.25346265
      State 4 weight 0.20000: E = -1718.23374341
NEVPT2 energies for the selected states:
      State 0: E(CASCI) = -2370.07402415   E(NEVPT2) = -1718.82762000   <S^2> = 0.000000
      State 1: E(CASCI) = -2370.05129134   E(NEVPT2) = -1718.80578844   <S^2> = 0.000000
      State 2: E(CASCI) = -2370.04273009   E(NEVPT2) = -1718.79685724   <S^2> = 0.000000
      State 3: E(CASCI) = -2370.04202454   E(NEVPT2) = -1718.79693949   <S^2> = 0.000000
      State 4: E(CASCI) = -2370.02230540   E(NEVPT2) = -1718.77801401   <S^2> = 0.000000
      State 5: E(CASCI) = -2370.02013000   E(NEVPT2) = -1718.77643925   <S^2> = 0.000000
      State 6: E(CASCI) = -2370.01774218   E(NEVPT2) = -1718.77365508   <S^2> = 0.000000
      State 7: E(CASCI) = -2370.01627786   E(NEVPT2) = -1718.77299155   <S^2> = 0.000000
      State 8: E(CASCI) = -2370.00343604   E(NEVPT2) = -1718.75929327   <S^2> = 0.000000
      State 9: E(CASCI) = -2370.00033114   E(NEVPT2) = -1718.75994723   <S^2> = 0.000000
SV remainingOrbs =  [0. 0. 0. 0. 0. 0. 0. 0. 0. 0. 0. 0. 0. 0. 0. 0. 0. 0. 0. 0. 0. 0. 0. 0. 0. 0. 0. 0. 0. 0. 0. 0. 0. 0. 0. 0. 0. 0. 0. 0. 0. 0. 0. 0. 0. 0. 0. 0. 0. 0. 0. 0. 0.
 0. 0. 0. 0. 0. 0. 0. 0. 0. 0. 0. 0. 0. 0. 0. 1. 1. 1. 1. 1. 1. 1. 1. 1. 1. 1. 1. 1. 1. 1. 1. 1. 1. 1. 1. 1. 1. 1. 1. 1. 1. 1. 1. 1. 1. 1. 1. 1. 1. 1. 1. 1. 1.
 1. 1. 1. 1. 1. 1. 1. 1. 1. 1. 1. 1. 1. 1. 1. 1. 1. 1. 1. 1. 1. 1. 1. 1. 1. 1. 1. 1. 1. 1. 1. 1. 1. 1. 1. 1. 1. 1. 1. 1. 1. 1. 1. 1. 1. 1. 1. 1. 1. 1. 1. 1. 1.
 1. 1. 1. 1. 1. 1. 1. 1. 1. 1. 1. 1. 1. 1. 1. 1. 1. 1. 1. 1. 1. 1. 1. 1. 1. 1. 1. 1. 1. 1. 1. 1. 1. 1. 1. 1. 1. 1. 1. 1. 1. 1. 1. 1. 1. 1. 1. 1. 1. 1. 1. 1. 1.]
-----NOTE: CASCI or Single embedding is used-----
SV totalOEI:  [[-3.519e+02  2.500e+00 -6.802e-01 ... -1.337e-02 -1.897e-02  3.528e-17]
 [ 2.500e+00 -9.682e+01  4.476e+00 ...  2.328e-02  4.129e-02 -6.609e-17]
 [-6.802e-01  4.476e+00 -4.599e+01 ... -1.265e-02 -5.263e-02 -1.472e-16]
 ...
 [-1.337e-02  2.328e-02 -1.265e-02 ... -1.390e+01 -3.201e-01  6.350e-14]
 [-1.897e-02  4.129e-02 -5.263e-02 ... -3.201e-01 -1.428e+01 -1.323e-14]
 [ 3.573e-17 -6.798e-17 -1.904e-16 ...  6.342e-14 -1.324e-14 -1.437e+01]]
SV FOCKdmet:  [[-3.519e+02  2.500e+00 -6.802e-01 ... -1.337e-02 -1.897e-02  3.528e-17]
 [ 2.500e+00 -9.682e+01  4.476e+00 ...  2.328e-02  4.129e-02 -6.609e-17]
 [-6.802e-01  4.476e+00 -4.599e+01 ... -1.265e-02 -5.263e-02 -1.472e-16]
 ...
 [-1.337e-02  2.328e-02 -1.265e-02 ... -1.390e+01 -3.201e-01  6.350e-14]
 [-1.897e-02  4.129e-02 -5.263e-02 ... -3.201e-01 -1.428e+01 -1.323e-14]
 [ 3.573e-17 -6.798e-17 -1.904e-16 ...  6.342e-14 -1.324e-14 -1.437e+01]]
SV self.energy:  [-2370.074 -2370.051 -2370.043 -2370.042 -2370.022]
      State 0 weight 0.20000: E = -1718.28546226
      State 1 weight 0.20000: E = -1718.26272945
      State 2 weight 0.20000: E = -1718.25416820
      State 3 weight 0.20000: E = -1718.25346265
      State 4 weight 0.20000: E = -1718.23374341
NEVPT2 energies for the selected states:
Core energy =  0.0
      State 0: E(CASCI) = -2370.07402415   E(NEVPT2) = -1718.82762000   <S^2> = 0.000000
      State 1: E(CASCI) = -2370.05129134   E(NEVPT2) = -1718.80578844   <S^2> = 0.000000
      State 2: E(CASCI) = -2370.04273009   E(NEVPT2) = -1718.79685724   <S^2> = 0.000000
      State 3: E(CASCI) = -2370.04202454   E(NEVPT2) = -1718.79693949   <S^2> = 0.000000
      State 4: E(CASCI) = -2370.02230540   E(NEVPT2) = -1718.77801401   <S^2> = 0.000000
      State 5: E(CASCI) = -2370.02013000   E(NEVPT2) = -1718.77643925   <S^2> = 0.000000
      State 6: E(CASCI) = -2370.01774218   E(NEVPT2) = -1718.77365508   <S^2> = 0.000000
      State 7: E(CASCI) = -2370.01627786   E(NEVPT2) = -1718.77299155   <S^2> = 0.000000
      State 8: E(CASCI) = -2370.00343604   E(NEVPT2) = -1718.75929327   <S^2> = 0.000000
      State 9: E(CASCI) = -2370.00033114   E(NEVPT2) = -1718.75994723   <S^2> = 0.000000
Energy decomposition for debug: [-2370.074 -2370.051 -2370.043 -2370.042 -2370.022] [0. 0. 0. 0. 0.] [-2370.074 -2370.051 -2370.043 -2370.042 -2370.022]
Nuclear potential: 651.7885618838137
   Energy = [-1718.285 -1718.263 -1718.254 -1718.253 -1718.234]
SV umatflat:  [0. 0. 0. 0. 0. 0. 0. 0. 0. 0. 0. 0. 0. 0. 0. 0. 0. 0. 0. 0. 0. 0. 0. 0. 0. 0. 0. 0. 0. 0. 0. 0. 0. 0. 0. 0. 0. 0. 0. 0. 0. 0. 0. 0. 0. 0. 0. 0. 0. 0. 0. 0. 0.
 0. 0. 0. 0. 0. 0. 0. 0. 0. 0. 0. 0. 0. 0. 0.]
SV OEI from localintegrals (in local basis):  [[-2.616e+02 -1.315e+00  5.112e-01 ... -4.970e-03 -5.315e-03  5.093e-17]
